-1.000000000     0.569935722
-0.916666667     -0.727620781
-0.833333333     0.333829288
-0.750000000     -0.701306873
-0.666666667     -1.517053445
-0.583333333     -1.779674105
-0.500000000     -0.847966635
-0.416666667     -1.053677317
-0.333333333     -1.488227614
-0.250000000     -0.785120309
-0.166666667     -0.902019344
-0.083333333     -1.040245497
0.000000000     -0.098680905
0.083333333     0.092397317
0.166666667     -0.405570215
0.250000000     1.025880945
0.333333333     0.753716410
0.416666667     0.748197974
0.500000000     1.484321564
0.583333333     0.767599222
0.666666667     0.632065678
0.750000000     0.812406848
0.833333333     0.426142666
0.916666667     0.020329948
1.000000000     -0.501344858
