-1.000000000     -0.317884857
-0.916666667     0.696951992
-0.833333333     -1.410381234
-0.750000000     -0.380586868
-0.666666667     -0.922278530
-0.583333333     -0.391587182
-0.500000000     -0.085394547
-0.416666667     -2.128532187
-0.333333333     -0.298998880
-0.250000000     -0.099470453
-0.166666667     -0.467450062
-0.083333333     -0.260125422
0.000000000     0.225881215
0.083333333     -0.510803142
0.166666667     0.278555358
0.250000000     1.137304165
0.333333333     -0.364743947
0.416666667     1.837294622
0.500000000     1.798871681
0.583333333     0.527814544
0.666666667     0.232021604
0.750000000     2.020876089
0.833333333     0.850603658
0.916666667     0.802107524
1.000000000     1.202902500
