-1.000000000     -0.376716622
-0.916666667     -0.305255322
-0.833333333     -0.518759462
-0.750000000     0.283965081
-0.666666667     -0.885736891
-0.583333333     -1.043422105
-0.500000000     -1.504745544
-0.416666667     -1.566929388
-0.333333333     -0.926965545
-0.250000000     -0.300564370
-0.166666667     -0.033952147
-0.083333333     -0.186377204
0.000000000     -0.185951268
0.083333333     0.182787184
0.166666667     0.372121626
0.250000000     0.583725699
0.333333333     1.096680951
0.416666667     1.441687795
0.500000000     1.161578318
0.583333333     1.319963120
0.666666667     0.323873912
0.750000000     1.584945986
0.833333333     0.894085137
0.916666667     -0.519352995
1.000000000     -0.120631794
