-1.000000000     -0.319171990
-0.916666667     -0.285591996
-0.833333333     -0.793297329
-0.750000000     -1.093341998
-0.666666667     -2.033331690
-0.583333333     -1.426109160
-0.500000000     -0.910731487
-0.416666667     -1.117888943
-0.333333333     -1.499740872
-0.250000000     0.028911577
-0.166666667     -0.462506902
-0.083333333     -0.037841135
0.000000000     -1.167533610
0.083333333     -0.148317528
0.166666667     -0.237653785
0.250000000     0.545805558
0.333333333     1.228986768
0.416666667     1.041155757
0.500000000     0.994600543
0.583333333     1.251318600
0.666666667     1.344751807
0.750000000     0.432053926
0.833333333     -0.288123311
0.916666667     1.043745111
1.000000000     0.040838877
