-1.000000000     -0.857779755
-0.916666667     -0.641985815
-0.833333333     -0.072621435
-0.750000000     -0.723977084
-0.666666667     -1.625142426
-0.583333333     0.287423488
-0.500000000     -1.764131451
-0.416666667     -0.852765596
-0.333333333     -0.061005837
-0.250000000     -0.969210309
-0.166666667     -0.990968120
-0.083333333     -0.141912775
0.000000000     -0.441372333
0.083333333     0.130286745
0.166666667     1.384805169
0.250000000     0.384889363
0.333333333     1.164772978
0.416666667     0.810358442
0.500000000     1.825863845
0.583333333     1.537385011
0.666666667     1.538182803
0.750000000     0.002210976
0.833333333     -0.051692345
0.916666667     -0.934817298
1.000000000     0.337421045
