-1.000000000     -0.034197548
-0.916666667     0.205082954
-0.833333333     -0.388036530
-0.750000000     -0.347333304
-0.666666667     -1.101293056
-0.583333333     -0.471366419
-0.500000000     -1.126302832
-0.416666667     -0.502520000
-0.333333333     -0.612831223
-0.250000000     -0.356562492
-0.166666667     -0.915216482
-0.083333333     -0.560034032
0.000000000     -0.157525715
0.083333333     0.011385741
0.166666667     0.127353213
0.250000000     0.966763954
0.333333333     0.063552692
0.416666667     0.399125927
0.500000000     -0.353110597
0.583333333     1.083391656
0.666666667     1.834184295
0.750000000     0.628793899
0.833333333     0.328652700
0.916666667     -0.102721320
1.000000000     0.493851073
