-1.000000000     0.349776585
-0.916666667     -0.187742066
-0.833333333     0.069837003
-0.750000000     -0.355824865
-0.666666667     -0.824537116
-0.583333333     -1.172598554
-0.500000000     -0.828305049
-0.416666667     -0.769492187
-0.333333333     -0.705851969
-0.250000000     -1.095243071
-0.166666667     -0.846693801
-0.083333333     -0.171726431
0.000000000     0.484688140
0.083333333     0.466820095
0.166666667     0.492619344
0.250000000     1.182094305
0.333333333     0.857355985
0.416666667     0.829113680
0.500000000     -0.015468607
0.583333333     0.653939639
0.666666667     1.053374265
0.750000000     0.604273796
0.833333333     0.434305285
0.916666667     0.106998622
1.000000000     0.256755925
