-1.000000000     -0.336687418
-0.916666667     -0.255957188
-0.833333333     -0.374568311
-0.750000000     -0.479737029
-0.666666667     0.056916337
-0.583333333     -1.944172629
-0.500000000     -1.357977777
-0.416666667     -0.900672799
-0.333333333     -0.679205936
-0.250000000     -1.067893577
-0.166666667     -0.446415176
-0.083333333     -0.887514805
0.000000000     -0.122254398
0.083333333     0.529541494
0.166666667     0.237197249
0.250000000     0.464297794
0.333333333     0.297291837
0.416666667     1.684650838
0.500000000     1.056054888
0.583333333     1.974221101
0.666666667     0.368356518
0.750000000     0.751693205
0.833333333     0.662205755
0.916666667     -0.203051215
1.000000000     0.258316549
