-1.000000000     0.746182057
-0.916666667     -0.869866521
-0.833333333     -0.776173629
-0.750000000     -0.632132477
-0.666666667     -1.078331637
-0.583333333     -1.341382245
-0.500000000     -1.126734966
-0.416666667     -1.402526364
-0.333333333     -0.717156376
-0.250000000     -1.819312507
-0.166666667     -0.784201914
-0.083333333     -0.517019838
0.000000000     0.937787654
0.083333333     0.180086731
0.166666667     0.903708801
0.250000000     1.383083025
0.333333333     0.960610084
0.416666667     0.030265175
0.500000000     1.081317523
0.583333333     0.771215927
0.666666667     1.257027855
0.750000000     0.524652977
0.833333333     0.522639612
0.916666667     0.297520581
1.000000000     0.004054405
