-1.000000000     0.617138624
-0.916666667     -2.205597092
-0.833333333     -0.077444796
-0.750000000     -0.967770359
-0.666666667     -0.172871856
-0.583333333     -0.435488948
-0.500000000     -1.602768625
-0.416666667     -0.758540826
-0.333333333     -1.744012086
-0.250000000     0.013008791
-0.166666667     -1.258607416
-0.083333333     -1.074610248
0.000000000     -0.268093037
0.083333333     0.245241711
0.166666667     0.399576312
0.250000000     0.914453468
0.333333333     1.518886982
0.416666667     1.337766940
0.500000000     0.836992754
0.583333333     0.354665824
0.666666667     0.501197910
0.750000000     0.735523075
0.833333333     0.773571116
0.916666667     1.069971724
1.000000000     -0.484440182
