-1.000000000     0.300870197
-0.916666667     0.656177995
-0.833333333     -0.849503176
-0.750000000     -1.001327960
-0.666666667     -0.529011472
-0.583333333     -1.072878176
-0.500000000     -1.134749621
-0.416666667     -1.316044673
-0.333333333     -1.612536235
-0.250000000     -0.078956642
-0.166666667     -0.526584855
-0.083333333     -1.083427075
0.000000000     0.773989269
0.083333333     -0.334289155
0.166666667     1.356286999
0.250000000     1.409136654
0.333333333     0.897290341
0.416666667     0.324729594
0.500000000     1.408892224
0.583333333     1.576076862
0.666666667     1.844643918
0.750000000     0.242860698
0.833333333     -0.202220951
0.916666667     0.850398662
1.000000000     0.427625315
