-1.000000000     -0.503448112
-0.916666667     0.250514975
-0.833333333     -0.420916779
-0.750000000     -0.315079023
-0.666666667     -0.873138245
-0.583333333     -0.268522013
-0.500000000     -1.816861397
-0.416666667     -1.012287906
-0.333333333     -0.479865815
-0.250000000     -0.829202250
-0.166666667     -0.403053434
-0.083333333     -0.279323559
0.000000000     -0.549597868
0.083333333     1.156274348
0.166666667     0.295277492
0.250000000     0.147974892
0.333333333     1.189336388
0.416666667     1.193448274
0.500000000     0.018635113
0.583333333     1.556371274
0.666666667     0.839215825
0.750000000     0.441833597
0.833333333     -0.088088028
0.916666667     1.203472344
1.000000000     0.045450553
