-1.000000000     -0.843917327
-0.916666667     -0.829595298
-0.833333333     -1.164136826
-0.750000000     -1.019360023
-0.666666667     -1.428445295
-0.583333333     -1.125227851
-0.500000000     -1.005602989
-0.416666667     -1.087759586
-0.333333333     -1.669498408
-0.250000000     -0.945731796
-0.166666667     -0.432119780
-0.083333333     -0.360545128
0.000000000     -0.677118343
0.083333333     0.965603803
0.166666667     0.232708534
0.250000000     1.045799890
0.333333333     0.520546297
0.416666667     -0.080750050
0.500000000     0.739410623
0.583333333     0.047344303
0.666666667     0.411451522
0.750000000     0.114397299
0.833333333     0.055539778
0.916666667     0.882564654
1.000000000     -0.300158011
