-1.000000000     -0.066721206
-0.916666667     -0.349497634
-0.833333333     0.090907298
-0.750000000     0.050718760
-0.666666667     -0.901352258
-0.583333333     -2.195571352
-0.500000000     -1.187313910
-0.416666667     -0.802160657
-0.333333333     -1.203099688
-0.250000000     -0.175145769
-0.166666667     -0.531703195
-0.083333333     -0.376451531
0.000000000     0.286980035
0.083333333     -0.337356287
0.166666667     1.455218031
0.250000000     0.482168730
0.333333333     1.028753433
0.416666667     1.119801473
0.500000000     1.293181191
0.583333333     0.958862063
0.666666667     0.962552048
0.750000000     0.071736601
0.833333333     0.572958455
0.916666667     0.758482739
1.000000000     0.147663011
