-1.000000000     -0.505178457
-0.916666667     -0.343173058
-0.833333333     -0.757509632
-0.750000000     -0.803649967
-0.666666667     -0.804462313
-0.583333333     -1.369267541
-0.500000000     -0.085533478
-0.416666667     -1.573835342
-0.333333333     -0.940772482
-0.250000000     0.082088934
-0.166666667     -1.233485677
-0.083333333     -0.452359744
0.000000000     -0.738900369
0.083333333     -0.363244641
0.166666667     0.739394215
0.250000000     1.114661141
0.333333333     0.868888539
0.416666667     1.616831954
0.500000000     0.439453029
0.583333333     1.096851350
0.666666667     1.065523815
0.750000000     0.078529008
0.833333333     1.600399609
0.916666667     -1.016962807
1.000000000     -0.797361225
