-1.000000000     0.450231429
-0.916666667     0.018225961
-0.833333333     -0.486200865
-0.750000000     -0.517705888
-0.666666667     -0.914789705
-0.583333333     -0.760932025
-0.500000000     -1.253653650
-0.416666667     -0.628120866
-0.333333333     -0.969202364
-0.250000000     -1.126381803
-0.166666667     -1.504368132
-0.083333333     0.028612607
0.000000000     0.287322044
0.083333333     0.669140208
0.166666667     0.480712128
0.250000000     0.382615512
0.333333333     1.278226778
0.416666667     0.802643218
0.500000000     0.873533203
0.583333333     1.435411196
0.666666667     0.979725920
0.750000000     0.531416455
0.833333333     0.501383408
0.916666667     0.583145031
1.000000000     0.245100410
