-1.000000000     0.220531975
-0.916666667     -0.862775816
-0.833333333     -0.353550625
-0.750000000     -0.766549383
-0.666666667     -0.955443168
-0.583333333     -0.963011980
-0.500000000     -1.137602391
-0.416666667     -0.443161614
-0.333333333     -1.190916372
-0.250000000     -0.584449737
-0.166666667     -0.030525939
-0.083333333     -0.033771543
0.000000000     0.039561521
0.083333333     0.565711039
0.166666667     0.957379945
0.250000000     0.783837461
0.333333333     0.007029692
0.416666667     0.625965227
0.500000000     1.422256636
0.583333333     1.285407095
0.666666667     1.669744262
0.750000000     0.213005132
0.833333333     -0.074403199
0.916666667     0.017198294
1.000000000     0.209143472
