-1.000000000     0.246496195
-0.916666667     -0.405626044
-0.833333333     -0.974283781
-0.750000000     -0.637188007
-0.666666667     -0.337404573
-0.583333333     -0.657930418
-0.500000000     -0.968690092
-0.416666667     -0.954866313
-0.333333333     -0.135788420
-0.250000000     -1.298566288
-0.166666667     -1.360773981
-0.083333333     0.306868826
0.000000000     -0.333940948
0.083333333     1.228084325
0.166666667     1.762405833
0.250000000     0.875905603
0.333333333     0.843786252
0.416666667     1.077368940
0.500000000     1.145135706
0.583333333     1.021861133
0.666666667     0.938522679
0.750000000     0.701092191
0.833333333     0.842198416
0.916666667     1.095034377
1.000000000     0.475621848
