-1.000000000     0.523202434
-0.916666667     -0.581055350
-0.833333333     -0.894293543
-0.750000000     -0.542000508
-0.666666667     -1.706035827
-0.583333333     -1.378698849
-0.500000000     -1.023882952
-0.416666667     -1.289466214
-0.333333333     -0.703112800
-0.250000000     -0.253622283
-0.166666667     -1.413831274
-0.083333333     -0.500283256
0.000000000     -0.181367012
0.083333333     -0.034005076
0.166666667     0.495306664
0.250000000     1.125821126
0.333333333     0.731546427
0.416666667     0.657385020
0.500000000     1.457441316
0.583333333     0.507028724
0.666666667     1.141198334
0.750000000     0.600032492
0.833333333     -0.476746620
0.916666667     1.248145311
1.000000000     0.857734301
