-1.000000000     0.338502279
-0.916666667     -0.468796837
-0.833333333     -1.493338282
-0.750000000     -0.612201899
-0.666666667     -0.465522269
-0.583333333     -1.070600519
-0.500000000     -0.986730646
-0.416666667     -0.895806316
-0.333333333     -1.320977769
-0.250000000     0.088255170
-0.166666667     -0.856339433
-0.083333333     -0.994448063
0.000000000     0.259854608
0.083333333     0.394798962
0.166666667     0.949093708
0.250000000     0.725275462
0.333333333     1.048431512
0.416666667     0.543148598
0.500000000     0.969835488
0.583333333     1.213302302
0.666666667     1.591848678
0.750000000     0.701300474
0.833333333     0.040929667
0.916666667     -0.211572525
1.000000000     0.073794034
