-1.000000000     -0.370690267
-0.916666667     -0.810629220
-0.833333333     0.328788165
-0.750000000     -1.250558260
-0.666666667     -0.613837488
-0.583333333     -1.351932881
-0.500000000     0.342129141
-0.416666667     -1.718476072
-0.333333333     -0.197689387
-0.250000000     -0.731409245
-0.166666667     -0.663015347
-0.083333333     -0.169085809
0.000000000     -0.100813151
0.083333333     0.927507842
0.166666667     0.477006606
0.250000000     1.333244554
0.333333333     1.268803356
0.416666667     0.394088729
0.500000000     0.953549441
0.583333333     1.788431529
0.666666667     0.893040027
0.750000000     1.377649721
0.833333333     0.185485424
0.916666667     0.809672164
1.000000000     -0.502995209
