-1.000000000     -0.312412434
-0.916666667     -0.087789551
-0.833333333     -0.931322375
-0.750000000     -1.296522379
-0.666666667     0.194480511
-0.583333333     -1.091417104
-0.500000000     -0.449633960
-0.416666667     -0.669589367
-0.333333333     -0.276433391
-0.250000000     -0.940405532
-0.166666667     -0.701912438
-0.083333333     0.276746899
0.000000000     -0.058589786
0.083333333     -0.006037979
0.166666667     0.438242317
0.250000000     -0.125448325
0.333333333     0.078946618
0.416666667     1.396915547
0.500000000     0.917222973
0.583333333     0.817397857
0.666666667     1.379465964
0.750000000     0.308158805
0.833333333     -0.116798239
0.916666667     0.561131063
1.000000000     0.449678851
