-1.000000000     0.329992510
-0.916666667     0.070860786
-0.833333333     -0.347048369
-0.750000000     -0.789834241
-0.666666667     -0.269077800
-0.583333333     -1.034122834
-0.500000000     -1.058307023
-0.416666667     -1.278615726
-0.333333333     -1.445305819
-0.250000000     -0.928146856
-0.166666667     -0.535330433
-0.083333333     -0.350064587
0.000000000     0.403304234
0.083333333     -0.262703608
0.166666667     0.379438022
0.250000000     0.704371816
0.333333333     0.567489615
0.416666667     0.638315155
0.500000000     0.565018366
0.583333333     1.165834582
0.666666667     1.027843802
0.750000000     0.728534694
0.833333333     0.573942518
0.916666667     0.231826385
1.000000000     0.256587840
