-1.000000000     0.582862133
-0.916666667     -0.358321767
-0.833333333     -0.708286301
-0.750000000     0.419926598
-0.666666667     -1.790122357
-0.583333333     -1.107767638
-0.500000000     -1.199567377
-0.416666667     -1.716078285
-0.333333333     -1.035765516
-0.250000000     0.101941582
-0.166666667     -1.121857396
-0.083333333     -1.287652132
0.000000000     0.514614968
0.083333333     0.097607450
0.166666667     0.470575074
0.250000000     1.105574440
0.333333333     1.357653338
0.416666667     1.793496979
0.500000000     0.333116983
0.583333333     0.865400847
0.666666667     0.935568302
0.750000000     -0.005993160
0.833333333     0.556979654
0.916666667     1.045707010
1.000000000     0.281713453
