-1.000000000     0.362098672
-0.916666667     0.765369964
-0.833333333     -0.349275411
-0.750000000     0.129003027
-0.666666667     0.273849359
-0.583333333     -1.351106832
-0.500000000     -0.983606850
-0.416666667     -0.436882979
-0.333333333     -0.490922489
-0.250000000     -0.216729538
-0.166666667     -0.713632113
-0.083333333     -0.339947697
0.000000000     0.188508348
0.083333333     -0.057674903
0.166666667     0.067053508
0.250000000     0.390911914
0.333333333     0.523791209
0.416666667     1.337690971
0.500000000     0.281657956
0.583333333     1.408175667
0.666666667     1.164419988
0.750000000     0.264020526
0.833333333     0.713662456
0.916666667     -0.112376150
1.000000000     -0.766734375
