-1.000000000     0.928082885
-0.916666667     0.332061296
-0.833333333     -0.131937702
-0.750000000     -0.755387021
-0.666666667     -0.913759830
-0.583333333     -1.593303978
-0.500000000     -0.254056526
-0.416666667     -1.197920269
-0.333333333     -1.181031347
-0.250000000     -0.095927470
-0.166666667     0.135218803
-0.083333333     -0.195296096
0.000000000     -0.008677461
0.083333333     0.497061070
0.166666667     0.102797684
0.250000000     0.138818127
0.333333333     0.594763410
0.416666667     0.805740864
0.500000000     1.402199234
0.583333333     0.931674370
0.666666667     1.548079229
0.750000000     -0.012615595
0.833333333     0.720558690
0.916666667     0.235951046
1.000000000     0.658532265
