-1.000000000     -0.257656379
-0.916666667     -0.267862254
-0.833333333     0.022212388
-0.750000000     -0.659888594
-0.666666667     -0.406068294
-0.583333333     -1.309167804
-0.500000000     -1.112265325
-0.416666667     -0.776540536
-0.333333333     -1.124917031
-0.250000000     -1.094512620
-0.166666667     -0.351046320
-0.083333333     1.233028780
0.000000000     -0.026499311
0.083333333     0.403134144
0.166666667     1.265470859
0.250000000     0.628505864
0.333333333     0.157766753
0.416666667     1.147238490
0.500000000     1.316080373
0.583333333     0.908290853
0.666666667     0.360322222
0.750000000     1.472740221
0.833333333     1.294275823
0.916666667     0.454552422
1.000000000     0.624786376
