-1.000000000     -1.806291714
-0.916666667     -0.402550355
-0.833333333     -0.191200432
-0.750000000     -0.229808503
-0.666666667     -1.090489506
-0.583333333     -0.929786318
-0.500000000     -0.465679579
-0.416666667     -1.060461526
-0.333333333     -1.165539385
-0.250000000     -0.866927381
-0.166666667     -1.328570874
-0.083333333     -1.105712298
0.000000000     -0.523377745
0.083333333     0.601692103
0.166666667     0.956740895
0.250000000     -0.261949389
0.333333333     0.534358383
0.416666667     0.679624590
0.500000000     1.484251066
0.583333333     0.571748568
0.666666667     1.837203836
0.750000000     0.349955554
0.833333333     1.165830742
0.916666667     -0.097811641
1.000000000     -0.449711942
