-1.000000000     -0.428942879
-0.916666667     -0.309096427
-0.833333333     -1.120065750
-0.750000000     -0.632684395
-0.666666667     -1.444258752
-0.583333333     -1.798884088
-0.500000000     -1.070643876
-0.416666667     -1.257087660
-0.333333333     -1.240879674
-0.250000000     -0.109943954
-0.166666667     -1.326941329
-0.083333333     0.389304307
0.000000000     0.379135669
0.083333333     0.515421682
0.166666667     0.815294063
0.250000000     0.161796843
0.333333333     0.370742060
0.416666667     0.881750631
0.500000000     2.109831485
0.583333333     0.696325055
0.666666667     1.399415306
0.750000000     0.622018947
0.833333333     -0.055763791
0.916666667     -0.022911406
1.000000000     0.850639205
