-1.000000000     -0.125779965
-0.916666667     -0.535889362
-0.833333333     -1.155301961
-0.750000000     -1.898782473
-0.666666667     -1.221690034
-0.583333333     -1.380754930
-0.500000000     -1.615495238
-0.416666667     -1.263963116
-0.333333333     -1.069286830
-0.250000000     -1.111932259
-0.166666667     -0.369937312
-0.083333333     0.387033892
0.000000000     -0.203421126
0.083333333     0.748127003
0.166666667     1.692077233
0.250000000     -0.039220196
0.333333333     1.894027403
0.416666667     1.164484464
0.500000000     0.818288922
0.583333333     0.472546398
0.666666667     1.271215616
0.750000000     0.973253737
0.833333333     0.238162195
0.916666667     -0.340808460
1.000000000     0.007910101
