-1.000000000     0.148953158
-0.916666667     0.002126983
-0.833333333     -1.161717641
-0.750000000     -1.206698896
-0.666666667     -1.165761066
-0.583333333     -1.036858882
-0.500000000     -1.371559924
-0.416666667     -1.862331663
-0.333333333     -0.550062653
-0.250000000     -1.196343324
-0.166666667     -0.744769352
-0.083333333     -0.986393650
0.000000000     -0.025776547
0.083333333     0.034422887
0.166666667     1.571131553
0.250000000     0.657354674
0.333333333     0.457788355
0.416666667     1.101387645
0.500000000     1.174900925
0.583333333     1.671572659
0.666666667     0.826121673
0.750000000     0.828384033
0.833333333     1.107686517
0.916666667     -0.106686851
1.000000000     0.031659226
