-1.000000000     0.945854909
-0.916666667     -0.409683127
-0.833333333     -0.061123311
-0.750000000     -1.064585494
-0.666666667     -0.693756545
-0.583333333     -0.972542271
-0.500000000     -1.113699231
-0.416666667     -0.709610818
-0.333333333     -0.268495939
-0.250000000     0.152787370
-0.166666667     -0.662478745
-0.083333333     -0.068841369
0.000000000     0.263303097
0.083333333     0.335671929
0.166666667     -0.003545500
0.250000000     1.268024760
0.333333333     0.992231704
0.416666667     1.185940565
0.500000000     0.949526692
0.583333333     1.477087507
0.666666667     0.515129639
0.750000000     0.655590233
0.833333333     -0.045729908
0.916666667     0.410714937
1.000000000     -0.039192646
