-1.000000000     -0.518138607
-0.916666667     -0.973150357
-0.833333333     -0.157057597
-0.750000000     -0.416319765
-0.666666667     -0.703657828
-0.583333333     -0.788162238
-0.500000000     -0.093018000
-0.416666667     -0.430706264
-0.333333333     -1.994100349
-0.250000000     -0.592194865
-0.166666667     -0.848743198
-0.083333333     -0.431530935
0.000000000     0.100797005
0.083333333     0.174156612
0.166666667     0.174346088
0.250000000     0.806182342
0.333333333     0.731214784
0.416666667     0.687378367
0.500000000     1.115158014
0.583333333     0.217282629
0.666666667     1.589024624
0.750000000     0.272217029
0.833333333     0.444095408
0.916666667     0.267593255
1.000000000     -0.077481879
