-1.000000000     -0.586473427
-0.916666667     0.634831694
-0.833333333     -1.112217674
-0.750000000     -0.835932833
-0.666666667     -1.222533744
-0.583333333     -0.971321379
-0.500000000     -0.025817897
-0.416666667     -1.287615086
-0.333333333     -0.001641654
-0.250000000     -0.155517011
-0.166666667     -0.382004799
-0.083333333     -1.347498538
0.000000000     -0.407989058
0.083333333     0.417037076
0.166666667     0.656268473
0.250000000     -0.109949519
0.333333333     0.605621794
0.416666667     1.081431081
0.500000000     0.958028441
0.583333333     1.394064050
0.666666667     1.575061119
0.750000000     1.027964161
0.833333333     -0.256574884
0.916666667     0.138003636
1.000000000     1.241712152
