-1.000000000     0.542935702
-0.916666667     -1.140906590
-0.833333333     -0.563302280
-0.750000000     -0.361504317
-0.666666667     -1.126213043
-0.583333333     0.156797575
-0.500000000     -1.523143365
-0.416666667     -0.719700273
-0.333333333     -0.983109060
-0.250000000     -1.063557784
-0.166666667     -0.380515979
-0.083333333     -0.193113452
0.000000000     0.344204695
0.083333333     1.478242871
0.166666667     0.634582750
0.250000000     0.642496939
0.333333333     1.116671319
0.416666667     2.367002670
0.500000000     1.427551478
0.583333333     0.767664636
0.666666667     0.939630381
0.750000000     0.946588539
0.833333333     0.812922197
0.916666667     0.131978505
1.000000000     0.325873645
