-1.000000000     1.380649371
-0.916666667     -0.706522944
-0.833333333     0.027749867
-0.750000000     -0.803516717
-0.666666667     -0.986957557
-0.583333333     0.089860791
-0.500000000     -1.437585637
-0.416666667     -0.675893120
-0.333333333     -0.720312931
-0.250000000     -0.088361351
-0.166666667     0.130757012
-0.083333333     -0.296724745
0.000000000     -0.722004127
0.083333333     0.905647357
0.166666667     0.681394636
0.250000000     1.174794281
0.333333333     1.284630735
0.416666667     1.783442906
0.500000000     1.149614545
0.583333333     0.972056424
0.666666667     0.581326918
0.750000000     0.512526391
0.833333333     1.408913702
0.916666667     0.061266159
1.000000000     1.071766461
