-1.000000000     0.133794885
-0.916666667     0.624544827
-0.833333333     -1.003114293
-0.750000000     -0.807335002
-0.666666667     -1.186262086
-0.583333333     -1.099768802
-0.500000000     -1.455195666
-0.416666667     -0.891842542
-0.333333333     -1.305356601
-0.250000000     -1.281855827
-0.166666667     -0.844258072
-0.083333333     0.047203245
0.000000000     0.567512392
0.083333333     0.302036623
0.166666667     0.524285593
0.250000000     0.365872803
0.333333333     1.171962555
0.416666667     0.777553111
0.500000000     0.686626845
0.583333333     1.219095908
0.666666667     0.846193346
0.750000000     0.399266471
0.833333333     0.143221031
0.916666667     0.340869775
1.000000000     0.057931276
