-1.000000000     0.378796097
-0.916666667     -0.992755918
-0.833333333     -0.502830161
-0.750000000     -0.745840142
-0.666666667     -0.618264039
-0.583333333     -1.689101209
-0.500000000     -0.938350799
-0.416666667     -1.356560411
-0.333333333     -1.178418987
-0.250000000     -1.329470631
-0.166666667     -0.628879715
-0.083333333     -0.821465116
0.000000000     0.208480789
0.083333333     0.394934535
0.166666667     -0.103113376
0.250000000     0.475101002
0.333333333     0.653827318
0.416666667     1.781421511
0.500000000     1.273140459
0.583333333     1.405612012
0.666666667     1.155273656
0.750000000     0.585406866
0.833333333     1.743546187
0.916666667     0.441821317
1.000000000     0.116476937
