-1.000000000     1.528496131
-0.916666667     -0.237381956
-0.833333333     -1.262855821
-0.750000000     -1.429302626
-0.666666667     -0.748600784
-0.583333333     -1.241915113
-0.500000000     -0.850161573
-0.416666667     -1.161396952
-0.333333333     -0.555629481
-0.250000000     -0.957290852
-0.166666667     -0.083087023
-0.083333333     -0.225318505
0.000000000     -0.188919840
0.083333333     -0.225739460
0.166666667     0.397501864
0.250000000     0.971139203
0.333333333     0.855823194
0.416666667     0.651223702
0.500000000     1.034651730
0.583333333     1.395116526
0.666666667     0.684810871
0.750000000     0.296856916
0.833333333     0.348770087
0.916666667     0.519341767
1.000000000     0.313837571
