-1.000000000     -0.887146982
-0.916666667     -0.985374348
-0.833333333     0.143454997
-0.750000000     -0.182093260
-0.666666667     -0.176257220
-0.583333333     -1.785108687
-0.500000000     -1.442067228
-0.416666667     -0.126674889
-0.333333333     -0.800832134
-0.250000000     -0.808741388
-0.166666667     -0.490988000
-0.083333333     -0.385494326
0.000000000     -0.142335229
0.083333333     0.287262865
0.166666667     -0.532500358
0.250000000     0.103559932
0.333333333     -0.052096390
0.416666667     0.549782165
0.500000000     0.787925548
0.583333333     0.876992793
0.666666667     0.283277122
0.750000000     0.003886682
0.833333333     1.184112982
0.916666667     0.400988005
1.000000000     -0.811087275
