-1.000000000     0.327801995
-0.916666667     -0.077613598
-0.833333333     -0.433115585
-0.750000000     -1.240704928
-0.666666667     -0.835929899
-0.583333333     0.035559143
-0.500000000     -1.252733574
-0.416666667     -0.291319967
-0.333333333     -1.955002334
-0.250000000     -0.384988919
-0.166666667     0.381641568
-0.083333333     -0.328054307
0.000000000     0.471267106
0.083333333     1.398250669
0.166666667     -0.058632153
0.250000000     0.300248853
0.333333333     0.740314322
0.416666667     0.457018300
0.500000000     1.226433339
0.583333333     0.731377348
0.666666667     0.024157193
0.750000000     0.105643673
0.833333333     0.330224647
0.916666667     0.826871495
1.000000000     0.018473808
