-1.000000000     0.777097928
-0.916666667     0.171182244
-0.833333333     -0.588740105
-0.750000000     -0.452494901
-0.666666667     0.192668468
-0.583333333     -1.737355604
-0.500000000     -1.126273835
-0.416666667     -0.927712870
-0.333333333     -1.045444114
-0.250000000     -0.722688108
-0.166666667     -1.360585563
-0.083333333     -0.413871433
0.000000000     -0.434766493
0.083333333     0.645850852
0.166666667     0.166808013
0.250000000     0.648255714
0.333333333     0.604463197
0.416666667     1.607459641
0.500000000     0.639383501
0.583333333     0.962382832
0.666666667     1.193376047
0.750000000     -0.369650594
0.833333333     0.410077994
0.916666667     0.111994071
1.000000000     0.120346293
