-1.000000000     -0.567890976
-0.916666667     0.455489966
-0.833333333     -0.411102523
-0.750000000     -1.407391980
-0.666666667     -0.518661517
-0.583333333     -1.437608044
-0.500000000     -0.351960065
-0.416666667     -1.126609926
-0.333333333     -0.662735933
-0.250000000     -0.794858476
-0.166666667     -0.537747885
-0.083333333     -1.030883898
0.000000000     -0.140310419
0.083333333     0.177416149
0.166666667     0.009701098
0.250000000     0.396546923
0.333333333     0.196459182
0.416666667     0.838613256
0.500000000     -0.157996982
0.583333333     1.777428779
0.666666667     0.224239722
0.750000000     0.700520945
0.833333333     0.376559146
0.916666667     0.255507899
1.000000000     -0.148820593
