-1.000000000     0.159479979
-0.916666667     -0.337998209
-0.833333333     -0.432103165
-0.750000000     -0.221687966
-0.666666667     -0.119529154
-0.583333333     -0.555025732
-0.500000000     -0.047318797
-0.416666667     -0.542900717
-0.333333333     -0.757198669
-0.250000000     -1.482470676
-0.166666667     -0.668095608
-0.083333333     -1.062536814
0.000000000     -0.615534700
0.083333333     0.076755685
0.166666667     0.433484942
0.250000000     0.230900457
0.333333333     1.565276490
0.416666667     1.253784823
0.500000000     1.688226153
0.583333333     0.944222442
0.666666667     0.626766003
0.750000000     0.856287377
0.833333333     1.098961708
0.916666667     0.632261488
1.000000000     -0.089903702
