-1.000000000     0.174578164
-0.916666667     -0.080932395
-0.833333333     -0.450296560
-0.750000000     -0.373455047
-0.666666667     0.055950841
-0.583333333     -0.370008220
-0.500000000     -1.746840746
-0.416666667     -0.612944388
-0.333333333     -0.713819336
-0.250000000     -0.776128018
-0.166666667     -0.806676060
-0.083333333     -0.101071117
0.000000000     0.664424326
0.083333333     -0.347642331
0.166666667     1.204642352
0.250000000     0.926873119
0.333333333     0.531487211
0.416666667     0.614336655
0.500000000     1.805678451
0.583333333     1.187036526
0.666666667     1.395907085
0.750000000     1.027851035
0.833333333     0.817732016
0.916666667     0.333001546
1.000000000     -0.056846236
