-1.000000000     -0.080090666
-0.916666667     -0.498526020
-0.833333333     -1.540851498
-0.750000000     -0.371949577
-0.666666667     -1.091217170
-0.583333333     -0.421446408
-0.500000000     -0.887177966
-0.416666667     -0.920379278
-0.333333333     -0.574137349
-0.250000000     -0.754854005
-0.166666667     -0.198757220
-0.083333333     0.114522557
0.000000000     -0.232572386
0.083333333     0.663804161
0.166666667     0.844238959
0.250000000     0.107474236
0.333333333     0.968569113
0.416666667     0.726318797
0.500000000     0.529013632
0.583333333     1.832253769
0.666666667     -0.431217724
0.750000000     0.804311662
0.833333333     0.511892516
0.916666667     0.803964243
1.000000000     0.396925613
