-1.000000000     -0.176362483
-0.916666667     -0.576633897
-0.833333333     -0.680723055
-0.750000000     -0.903637560
-0.666666667     -0.877476554
-0.583333333     -2.339575553
-0.500000000     0.039449285
-0.416666667     -0.804848758
-0.333333333     -1.062905772
-0.250000000     -0.850324307
-0.166666667     -0.927708726
-0.083333333     -0.192525973
0.000000000     0.420326956
0.083333333     0.882006713
0.166666667     0.739653889
0.250000000     0.286742773
0.333333333     1.574449165
0.416666667     0.984884942
0.500000000     1.345851657
0.583333333     1.400755089
0.666666667     0.878484830
0.750000000     0.193222503
0.833333333     0.606912086
0.916666667     -0.512710909
1.000000000     -0.451482827
