-1.000000000     -0.202271441
-0.916666667     -0.651149476
-0.833333333     -0.434222178
-0.750000000     -0.298708521
-0.666666667     -0.960216453
-0.583333333     -0.412945080
-0.500000000     -0.185403196
-0.416666667     -0.900162215
-0.333333333     -0.585697073
-0.250000000     -0.783257977
-0.166666667     -0.817954771
-0.083333333     -0.555004014
0.000000000     0.540946205
0.083333333     0.282555121
0.166666667     0.867186908
0.250000000     0.673419718
0.333333333     0.895795821
0.416666667     0.322710422
0.500000000     1.113740615
0.583333333     1.215400602
0.666666667     0.505747022
0.750000000     1.191260842
0.833333333     0.668611607
0.916666667     0.037972414
1.000000000     -0.625358110
