-1.000000000     0.177512145
-0.916666667     -0.556932389
-0.833333333     -0.710747195
-0.750000000     0.501772107
-0.666666667     -0.415359713
-0.583333333     -1.543256205
-0.500000000     -1.374899136
-0.416666667     -0.893148554
-0.333333333     -0.624818509
-0.250000000     -0.973087514
-0.166666667     -1.090567162
-0.083333333     -0.127204410
0.000000000     -0.145947397
0.083333333     -0.926465986
0.166666667     -0.263260120
0.250000000     1.930055355
0.333333333     0.609125741
0.416666667     0.938656519
0.500000000     1.665711954
0.583333333     1.034019072
0.666666667     1.054945283
0.750000000     0.293410179
0.833333333     -0.164920101
0.916666667     -0.187124496
1.000000000     -0.042537871
