-1.000000000     -0.287424083
-0.916666667     -0.023595912
-0.833333333     -0.600596656
-0.750000000     -1.037066701
-0.666666667     -0.921124847
-0.583333333     -1.181004495
-0.500000000     0.335632840
-0.416666667     -0.193408828
-0.333333333     -0.749720718
-0.250000000     -0.844751443
-0.166666667     -0.211245481
-0.083333333     -0.491676109
0.000000000     -0.575712162
0.083333333     0.642212441
0.166666667     1.004609209
0.250000000     0.915851429
0.333333333     1.286678214
0.416666667     0.804585767
0.500000000     0.154450181
0.583333333     0.916859876
0.666666667     1.352048733
0.750000000     0.385212474
0.833333333     0.056245246
0.916666667     -0.109115614
1.000000000     0.531411606
