-1.000000000     -0.447249146
-0.916666667     -0.429495015
-0.833333333     0.112380338
-0.750000000     -0.975376664
-0.666666667     -0.139662738
-0.583333333     -1.066290119
-0.500000000     -0.445828736
-0.416666667     -0.976971300
-0.333333333     -1.015838828
-0.250000000     -1.280913262
-0.166666667     0.217998135
-0.083333333     0.197998583
0.000000000     0.023748147
0.083333333     0.918160996
0.166666667     0.712613784
0.250000000     1.392099368
0.333333333     0.631215811
0.416666667     0.686647555
0.500000000     1.101640736
0.583333333     0.764316084
0.666666667     1.485362097
0.750000000     -0.335137360
0.833333333     0.962095471
0.916666667     1.139235168
1.000000000     -0.681521251
