-1.000000000     -0.859007920
-0.916666667     -0.474307773
-0.833333333     0.654860343
-0.750000000     -0.701911610
-0.666666667     -1.510869483
-0.583333333     -0.522201320
-0.500000000     -1.341819258
-0.416666667     -1.789191666
-0.333333333     -0.784454540
-0.250000000     -0.389637162
-0.166666667     -0.438774521
-0.083333333     -0.185090687
0.000000000     -0.724916023
0.083333333     0.448378007
0.166666667     2.566899697
0.250000000     0.601120665
0.333333333     1.820443009
0.416666667     0.786682677
0.500000000     1.788471876
0.583333333     1.199650357
0.666666667     0.935845113
0.750000000     0.680268032
0.833333333     0.540387601
0.916666667     0.088643282
1.000000000     0.338360995
