-1.000000000     -0.573999611
-0.916666667     0.245172861
-0.833333333     -1.067614633
-0.750000000     -0.578292956
-0.666666667     -0.990830245
-0.583333333     -0.694445917
-0.500000000     -0.985521888
-0.416666667     -1.703970306
-0.333333333     -0.713094997
-0.250000000     -0.911419794
-0.166666667     -0.163974378
-0.083333333     -1.647888905
0.000000000     0.114944436
0.083333333     0.207849058
0.166666667     1.286838666
0.250000000     0.032368747
0.333333333     0.313993260
0.416666667     1.449957692
0.500000000     0.943172088
0.583333333     1.463514818
0.666666667     0.761852345
0.750000000     0.739990836
0.833333333     1.325249419
0.916666667     0.689301826
1.000000000     0.249591743
