-1.000000000     -0.002786681
-0.916666667     0.082359688
-0.833333333     -0.654813378
-0.750000000     -0.201902594
-0.666666667     -1.183146445
-0.583333333     -0.934307503
-0.500000000     -1.100731916
-0.416666667     -1.261039088
-0.333333333     -0.988406872
-0.250000000     -0.408268353
-0.166666667     -1.248482044
-0.083333333     -0.189177569
0.000000000     -0.140637815
0.083333333     -0.484106513
0.166666667     0.033368143
0.250000000     1.578001127
0.333333333     1.433519623
0.416666667     0.325179267
0.500000000     2.307510983
0.583333333     0.324302992
0.666666667     1.353605929
0.750000000     0.198907361
0.833333333     0.311491411
0.916666667     0.879822241
1.000000000     1.056388405
