-1.000000000     0.583269067
-0.916666667     0.544422022
-0.833333333     -0.900407703
-0.750000000     -0.254472222
-0.666666667     -0.742934758
-0.583333333     -1.709467463
-0.500000000     -1.240659068
-0.416666667     -1.590692413
-0.333333333     -1.805248051
-0.250000000     -0.224771625
-0.166666667     -1.473925412
-0.083333333     0.242117916
0.000000000     -0.789562252
0.083333333     -0.005942024
0.166666667     -0.624693140
0.250000000     1.018904016
0.333333333     1.579410300
0.416666667     1.248260569
0.500000000     0.521769343
0.583333333     1.040706259
0.666666667     1.222603069
0.750000000     1.056118422
0.833333333     0.090568008
0.916666667     0.138881487
1.000000000     -0.639203552
