-1.000000000     0.269886164
-0.916666667     0.275882961
-0.833333333     -0.642797725
-0.750000000     -0.445294834
-0.666666667     -1.490161841
-0.583333333     -1.628727025
-0.500000000     -0.829348067
-0.416666667     -1.032656678
-0.333333333     -1.439840534
-0.250000000     -0.354049376
-0.166666667     -1.224186232
-0.083333333     -0.550401240
0.000000000     0.078047912
0.083333333     -0.453735663
0.166666667     -0.103332183
0.250000000     0.976540035
0.333333333     1.489644633
0.416666667     -0.031613165
0.500000000     1.210856274
0.583333333     0.725296544
0.666666667     0.590068030
0.750000000     1.188309551
0.833333333     -0.031106119
0.916666667     0.344525175
1.000000000     0.395703000
