-1.000000000     0.840192872
-0.916666667     0.445809752
-0.833333333     0.276604419
-0.750000000     -1.234684168
-0.666666667     -1.574336834
-0.583333333     -1.639251370
-0.500000000     -1.583126725
-0.416666667     -0.809985547
-0.333333333     -0.665757231
-0.250000000     -0.420669374
-0.166666667     -0.419509881
-0.083333333     0.435163469
0.000000000     0.213747786
0.083333333     -0.399400491
0.166666667     0.281105131
0.250000000     0.311979086
0.333333333     1.721728329
0.416666667     1.481001893
0.500000000     0.627635130
0.583333333     0.385215131
0.666666667     1.439916236
0.750000000     0.856243955
0.833333333     0.870747931
0.916666667     0.489748282
1.000000000     0.515583084
