-1.000000000     -0.342933643
-0.916666667     0.223341140
-0.833333333     -0.069360520
-0.750000000     -0.896540195
-0.666666667     -0.261110979
-0.583333333     -1.439587879
-0.500000000     -1.406463509
-0.416666667     -0.193699252
-0.333333333     -1.246198650
-0.250000000     -0.222704261
-0.166666667     -0.465417753
-0.083333333     -0.253625186
0.000000000     1.227901407
0.083333333     0.795858456
0.166666667     0.556521127
0.250000000     0.913612733
0.333333333     1.463625717
0.416666667     1.380354300
0.500000000     0.877656958
0.583333333     0.995714710
0.666666667     1.294177242
0.750000000     0.095375011
0.833333333     0.040318534
0.916666667     0.407097473
1.000000000     0.009713199
