-1.000000000     -0.232430857
-0.916666667     -0.674405751
-0.833333333     -1.073046197
-0.750000000     -0.490172085
-0.666666667     -1.259352143
-0.583333333     -1.278146004
-0.500000000     -0.533947862
-0.416666667     -0.949434397
-0.333333333     -0.825780612
-0.250000000     -1.090754289
-0.166666667     -0.532965279
-0.083333333     -0.972004130
0.000000000     0.451261242
0.083333333     0.197414247
0.166666667     0.491966751
0.250000000     1.222702728
0.333333333     1.237419168
0.416666667     0.807732417
0.500000000     0.694033634
0.583333333     0.801271886
0.666666667     0.746892446
0.750000000     0.779300984
0.833333333     0.218721719
0.916666667     0.245428994
1.000000000     0.107077213
