-1.000000000     0.072203678
-0.916666667     -0.367282152
-0.833333333     -0.460186642
-0.750000000     -0.166202100
-0.666666667     -1.069728567
-0.583333333     -0.572282141
-0.500000000     -0.852507203
-0.416666667     -0.471260106
-0.333333333     -1.773564295
-0.250000000     -0.377122562
-0.166666667     0.230531537
-0.083333333     0.181242797
0.000000000     0.322091763
0.083333333     -0.317179542
0.166666667     -0.115284809
0.250000000     0.465821203
0.333333333     0.036423015
0.416666667     0.451935342
0.500000000     1.378478793
0.583333333     1.360602527
0.666666667     1.987582883
0.750000000     1.317690283
0.833333333     0.286904149
0.916666667     -0.169330607
1.000000000     0.168963555
