-1.000000000     0.110885738
-0.916666667     -0.167994281
-0.833333333     -0.095676001
-0.750000000     0.323208415
-0.666666667     -0.440439857
-0.583333333     -0.590421271
-0.500000000     -1.312256602
-0.416666667     -0.946646592
-0.333333333     -0.577756547
-0.250000000     -1.939800835
-0.166666667     -0.679694309
-0.083333333     -0.127693235
0.000000000     -0.059005570
0.083333333     -0.355756906
0.166666667     0.433800946
0.250000000     0.613630941
0.333333333     1.173111688
0.416666667     0.261315030
0.500000000     1.524680277
0.583333333     0.869281256
0.666666667     0.871865641
0.750000000     1.179862372
0.833333333     0.267839478
0.916666667     0.633499646
1.000000000     -0.350425793
