-1.000000000     -0.204919197
-0.916666667     -0.482349995
-0.833333333     -0.177850935
-0.750000000     -0.373438957
-0.666666667     -0.474034337
-0.583333333     -0.315264620
-0.500000000     -1.125048124
-0.416666667     -0.708115640
-0.333333333     -0.624443136
-0.250000000     -0.456960917
-0.166666667     -0.268770504
-0.083333333     -0.932679010
0.000000000     -0.821553468
0.083333333     0.391607579
0.166666667     1.278967203
0.250000000     0.901585731
0.333333333     1.288791879
0.416666667     0.215717303
0.500000000     0.562050609
0.583333333     1.052701733
0.666666667     0.928784649
0.750000000     1.272142835
0.833333333     -0.102450763
0.916666667     0.786232958
1.000000000     0.527554261
