-1.000000000     0.296948091
-0.916666667     -0.678131153
-0.833333333     -0.084263409
-0.750000000     -0.142015559
-0.666666667     -0.975854134
-0.583333333     -1.191699241
-0.500000000     -0.668928375
-0.416666667     -1.210231717
-0.333333333     -0.965419758
-0.250000000     0.793995846
-0.166666667     -1.277924899
-0.083333333     0.400273043
0.000000000     0.513117665
0.083333333     -0.043292506
0.166666667     1.223349073
0.250000000     -0.010233631
0.333333333     1.071090554
0.416666667     1.435310985
0.500000000     0.995613210
0.583333333     1.455370277
0.666666667     0.356755214
0.750000000     0.946000912
0.833333333     0.876215437
0.916666667     0.276671916
1.000000000     0.644135705
