-1.000000000     0.891778879
-0.916666667     -0.233015834
-0.833333333     -0.817846590
-0.750000000     -1.052431403
-0.666666667     -0.183236409
-0.583333333     -0.558404313
-0.500000000     -0.354855845
-0.416666667     -1.193615106
-0.333333333     -0.317560940
-0.250000000     -0.995481890
-0.166666667     -0.398507351
-0.083333333     -0.248029025
0.000000000     0.354350865
0.083333333     -0.446090806
0.166666667     0.990391516
0.250000000     0.039904193
0.333333333     0.828635553
0.416666667     1.295087884
0.500000000     1.106084294
0.583333333     0.941338518
0.666666667     0.592826951
0.750000000     1.334162541
0.833333333     1.307729841
0.916666667     0.386462594
1.000000000     -0.400742014
