-1.000000000     -0.100640915
-0.916666667     -0.846212144
-0.833333333     -1.581604729
-0.750000000     -0.780817586
-0.666666667     -1.752600858
-0.583333333     -0.930789525
-0.500000000     -1.063864820
-0.416666667     -1.216093033
-0.333333333     -0.480268999
-0.250000000     -1.245176814
-0.166666667     -0.055432829
-0.083333333     -0.640476734
0.000000000     0.290647697
0.083333333     1.071313846
0.166666667     0.493186883
0.250000000     0.663150425
0.333333333     1.691312341
0.416666667     -0.171322121
0.500000000     1.297788492
0.583333333     1.784752737
0.666666667     0.841754769
0.750000000     0.482739711
0.833333333     0.084961070
0.916666667     0.144185378
1.000000000     0.210554571
