-1.000000000     -0.003980015
-0.916666667     -0.188340257
-0.833333333     -0.778259807
-0.750000000     -0.764411786
-0.666666667     -1.891995004
-0.583333333     -1.012741473
-0.500000000     0.061130850
-0.416666667     -0.788050390
-0.333333333     -1.052126017
-0.250000000     0.151051897
-0.166666667     -0.256652828
-0.083333333     -0.261978656
0.000000000     0.417140846
0.083333333     0.092790293
0.166666667     0.375105754
0.250000000     0.737816508
0.333333333     0.624926497
0.416666667     1.285554935
0.500000000     0.921961536
0.583333333     1.206819257
0.666666667     1.325261264
0.750000000     1.905115676
0.833333333     0.700941561
0.916666667     0.145819969
1.000000000     0.085658042
