-1.000000000     0.127952315
-0.916666667     -0.614827006
-0.833333333     -0.422331908
-0.750000000     -0.695580929
-0.666666667     -1.266775190
-0.583333333     -1.682845086
-0.500000000     -1.211413609
-0.416666667     -0.352125317
-0.333333333     -1.746029253
-0.250000000     -0.245419398
-0.166666667     -0.302607773
-0.083333333     -0.564939907
0.000000000     -0.090437047
0.083333333     -0.290998160
0.166666667     0.553972741
0.250000000     0.228052827
0.333333333     1.484246355
0.416666667     2.182121425
0.500000000     0.721409763
0.583333333     0.801934076
0.666666667     0.853056299
0.750000000     1.062756102
0.833333333     1.086915826
0.916666667     0.179696519
1.000000000     0.142030026
