-1.000000000     0.051337135
-0.916666667     0.138119420
-0.833333333     -0.465232700
-0.750000000     -0.501086307
-0.666666667     -0.496303746
-0.583333333     -1.053187592
-0.500000000     -0.428413541
-0.416666667     -1.185578078
-0.333333333     -0.452647174
-0.250000000     -0.580796347
-0.166666667     -0.068851574
-0.083333333     0.076364236
0.000000000     0.489542892
0.083333333     -0.094928229
0.166666667     0.519570240
0.250000000     1.606191923
0.333333333     1.208700422
0.416666667     1.060608034
0.500000000     1.189160891
0.583333333     1.666883669
0.666666667     0.895985177
0.750000000     0.064022840
0.833333333     0.089788616
0.916666667     0.329976904
1.000000000     0.359192034
