-1.000000000     0.239372783
-0.916666667     0.218107751
-0.833333333     -0.605520199
-0.750000000     -0.076907468
-0.666666667     -1.019369669
-0.583333333     -1.187481851
-0.500000000     -1.459074714
-0.416666667     -0.898324657
-0.333333333     -0.477954919
-0.250000000     0.046417109
-0.166666667     -1.491569655
-0.083333333     0.045756521
0.000000000     0.170136025
0.083333333     -0.230010760
0.166666667     0.743470541
0.250000000     0.352912260
0.333333333     0.407979861
0.416666667     0.975564750
0.500000000     1.172459416
0.583333333     0.543263834
0.666666667     0.471895972
0.750000000     0.317250128
0.833333333     0.522162008
0.916666667     0.501866379
1.000000000     -0.590621363
