-1.000000000     -1.373589741
-0.916666667     -0.900388145
-0.833333333     -0.668687470
-0.750000000     -0.013365710
-0.666666667     -0.506878501
-0.583333333     -0.466627429
-0.500000000     -1.458690715
-0.416666667     -1.414367253
-0.333333333     -1.463916329
-0.250000000     0.502993348
-0.166666667     0.052340635
-0.083333333     -0.444710347
0.000000000     -0.580194207
0.083333333     0.116832316
0.166666667     0.325761534
0.250000000     1.348050529
0.333333333     -0.139063851
0.416666667     1.340353544
0.500000000     1.466371311
0.583333333     0.921817362
0.666666667     1.209149140
0.750000000     0.885929932
0.833333333     0.230346581
0.916666667     -0.007436480
1.000000000     0.825465344
