-1.000000000     -0.392916373
-0.916666667     0.362157523
-0.833333333     1.044276205
-0.750000000     -0.674648311
-0.666666667     -0.856394965
-0.583333333     -0.158508116
-0.500000000     -0.440657480
-0.416666667     -0.267216518
-0.333333333     -0.112816212
-0.250000000     -0.948982376
-0.166666667     -1.542392664
-0.083333333     0.307816300
0.000000000     0.175747065
0.083333333     0.155034540
0.166666667     0.626534595
0.250000000     0.746683836
0.333333333     1.718656719
0.416666667     0.983590169
0.500000000     1.946959694
0.583333333     1.028336763
0.666666667     1.443594706
0.750000000     0.660382298
0.833333333     -0.336809411
0.916666667     0.272673527
1.000000000     -0.303315460
