-1.000000000     0.360135336
-0.916666667     -0.089654186
-0.833333333     -0.298606496
-0.750000000     -0.612447392
-0.666666667     -1.506471356
-0.583333333     -0.665278597
-0.500000000     -0.520305861
-0.416666667     -1.399988438
-0.333333333     -0.245687485
-0.250000000     -0.061420000
-0.166666667     0.146978038
-0.083333333     -0.781267297
0.000000000     0.526002598
0.083333333     -0.184285153
0.166666667     1.076361499
0.250000000     0.867031524
0.333333333     0.587409192
0.416666667     -0.126863001
0.500000000     1.297374865
0.583333333     1.246665745
0.666666667     1.165879392
0.750000000     0.935500579
0.833333333     0.674550616
0.916666667     0.590756886
1.000000000     0.420686543
