-1.000000000     -0.549810970
-0.916666667     -0.774196349
-0.833333333     -0.064630902
-0.750000000     -1.147464220
-0.666666667     -0.489419588
-0.583333333     0.298597687
-0.500000000     -0.507332563
-0.416666667     -1.389936931
-0.333333333     -0.857695942
-0.250000000     0.161388016
-0.166666667     -1.098282530
-0.083333333     0.913870459
0.000000000     -0.288674891
0.083333333     0.196650557
0.166666667     0.915189624
0.250000000     0.220840771
0.333333333     1.392906120
0.416666667     0.804202382
0.500000000     0.924014578
0.583333333     0.856263832
0.666666667     1.045427847
0.750000000     0.479251347
0.833333333     0.473505614
0.916666667     -0.074696479
1.000000000     0.372896947
