-1.000000000     0.263912689
-0.916666667     -0.791612666
-0.833333333     -0.820624950
-0.750000000     -0.654080200
-0.666666667     -1.231949881
-0.583333333     -1.272841862
-0.500000000     -1.571019425
-0.416666667     -1.652884503
-0.333333333     -0.848276972
-0.250000000     -1.035411585
-0.166666667     -1.015449774
-0.083333333     -0.535426667
0.000000000     0.046676940
0.083333333     0.369031112
0.166666667     0.611399447
0.250000000     0.118233426
0.333333333     0.295026122
0.416666667     1.531590499
0.500000000     0.591054189
0.583333333     1.221742611
0.666666667     0.739311666
0.750000000     -0.101056622
0.833333333     0.368579099
0.916666667     0.204911527
1.000000000     0.462799430
