-1.000000000     -0.221745299
-0.916666667     0.787329046
-0.833333333     -0.863368012
-0.750000000     -0.383893298
-0.666666667     -0.882610776
-0.583333333     -0.906017836
-0.500000000     -0.595472433
-0.416666667     -1.674408061
-0.333333333     -0.252423462
-0.250000000     -0.636411313
-0.166666667     -0.428653318
-0.083333333     -0.713332398
0.000000000     -0.070792398
0.083333333     0.298609527
0.166666667     0.694555565
0.250000000     1.133254412
0.333333333     0.558662303
0.416666667     1.153987009
0.500000000     0.822639397
0.583333333     0.752453608
0.666666667     0.831604601
0.750000000     0.994412728
0.833333333     0.506296287
0.916666667     0.385631652
1.000000000     0.479449556
