-1.000000000     -0.543612126
-0.916666667     -1.071292920
-0.833333333     -1.517753554
-0.750000000     0.213663141
-0.666666667     -0.526349149
-0.583333333     -1.113156879
-0.500000000     -1.664701926
-0.416666667     -2.183315271
-0.333333333     -1.144559066
-0.250000000     -0.309690486
-0.166666667     -0.954423659
-0.083333333     -0.186207596
0.000000000     -0.217913044
0.083333333     -0.088134626
0.166666667     0.415919540
0.250000000     1.351030950
0.333333333     1.002001100
0.416666667     1.288820921
0.500000000     0.354659979
0.583333333     0.583242984
0.666666667     0.141102794
0.750000000     0.188611144
0.833333333     0.439517393
0.916666667     -0.187437320
1.000000000     0.273736550
