-1.000000000     -1.219031968
-0.916666667     -0.239036250
-0.833333333     0.201667008
-0.750000000     -1.007278971
-0.666666667     -1.356224155
-0.583333333     -1.480111575
-0.500000000     -1.315462395
-0.416666667     -0.831492629
-0.333333333     -1.708337503
-0.250000000     -0.748769388
-0.166666667     -0.378663175
-0.083333333     -0.906495798
0.000000000     0.322380326
0.083333333     0.956813098
0.166666667     0.284257658
0.250000000     0.727887209
0.333333333     1.341283827
0.416666667     0.384863712
0.500000000     0.766868046
0.583333333     1.477238152
0.666666667     0.596035382
0.750000000     0.944561765
0.833333333     0.061861384
0.916666667     0.927812053
1.000000000     -0.362511063
