-1.000000000     0.489866994
-0.916666667     -0.761569358
-0.833333333     -0.831705199
-0.750000000     -0.700248757
-0.666666667     -0.103038885
-0.583333333     -1.196986275
-0.500000000     -0.948661401
-0.416666667     -0.862130334
-0.333333333     -1.679236210
-0.250000000     -0.937506228
-0.166666667     -0.656573020
-0.083333333     0.569212251
0.000000000     -1.237562825
0.083333333     0.369012333
0.166666667     -0.013634560
0.250000000     1.089764131
0.333333333     0.690273105
0.416666667     1.560936653
0.500000000     1.407252527
0.583333333     0.499911287
0.666666667     0.520854547
0.750000000     1.284771913
0.833333333     0.275039784
0.916666667     -0.048669078
1.000000000     -0.394400318
