-1.000000000     -0.102286927
-0.916666667     1.173825322
-0.833333333     -0.803175930
-0.750000000     0.259784698
-0.666666667     -0.926496872
-0.583333333     -1.356195551
-0.500000000     -1.439512191
-0.416666667     -0.861901644
-0.333333333     -1.164407387
-0.250000000     -1.785071594
-0.166666667     -0.094176163
-0.083333333     -0.563793969
0.000000000     0.125722860
0.083333333     0.443574111
0.166666667     0.247800705
0.250000000     0.630934324
0.333333333     0.568167635
0.416666667     1.468691345
0.500000000     0.606188127
0.583333333     0.580476442
0.666666667     0.059889278
0.750000000     -0.607341877
0.833333333     -0.020388507
0.916666667     0.416327506
1.000000000     0.450342292
