-1.000000000     -0.453687198
-0.916666667     -0.671167289
-0.833333333     -0.178621852
-0.750000000     -1.250481648
-0.666666667     -0.757164234
-0.583333333     -1.740743623
-0.500000000     -0.846425931
-0.416666667     -0.337760161
-0.333333333     -0.524843564
-0.250000000     -0.396512814
-0.166666667     -0.453869669
-0.083333333     0.143709244
0.000000000     -0.449746983
0.083333333     0.159355576
0.166666667     0.642832052
0.250000000     0.677336867
0.333333333     1.058040245
0.416666667     1.235222620
0.500000000     1.605642064
0.583333333     1.546956621
0.666666667     0.732903873
0.750000000     0.389388956
0.833333333     0.333929915
0.916666667     -0.196405288
1.000000000     -0.824222918
