-1.000000000     -0.026962034
-0.916666667     -0.246479030
-0.833333333     0.206716494
-0.750000000     0.136639156
-0.666666667     -0.656116101
-0.583333333     -0.472887403
-0.500000000     -1.760317743
-0.416666667     -0.440656755
-0.333333333     -0.443933999
-0.250000000     0.287881744
-0.166666667     0.242853784
-0.083333333     -0.949623925
0.000000000     -0.843589211
0.083333333     0.551140019
0.166666667     0.039512566
0.250000000     0.246848909
0.333333333     1.137844006
0.416666667     0.205311113
0.500000000     0.777452543
0.583333333     1.268066501
0.666666667     0.610822863
0.750000000     0.733210692
0.833333333     1.385833009
0.916666667     1.109865278
1.000000000     -0.056730220
