-1.000000000     0.299594675
-0.916666667     0.731118471
-0.833333333     -0.304221232
-0.750000000     -0.806381447
-0.666666667     -0.370242134
-0.583333333     -1.732538731
-0.500000000     -0.469751517
-0.416666667     -0.910575684
-0.333333333     -0.987695061
-0.250000000     -0.103425282
-0.166666667     -1.113210689
-0.083333333     -0.206460337
0.000000000     -0.820305671
0.083333333     0.319268731
0.166666667     0.792071469
0.250000000     0.928619144
0.333333333     0.312398744
0.416666667     0.900470830
0.500000000     1.053986075
0.583333333     0.548137587
0.666666667     1.282215054
0.750000000     0.675677103
0.833333333     0.919883894
0.916666667     0.650150082
1.000000000     -0.566388159
