-1.000000000     0.495528412
-0.916666667     -0.593716306
-0.833333333     -0.890339611
-0.750000000     -0.841000851
-0.666666667     -0.406099672
-0.583333333     -0.219252573
-0.500000000     -1.374055206
-0.416666667     -1.467303175
-0.333333333     -0.342164180
-0.250000000     -0.553152996
-0.166666667     -0.890487550
-0.083333333     0.624469983
0.000000000     0.774400321
0.083333333     0.425171659
0.166666667     0.661391132
0.250000000     0.665298092
0.333333333     0.571369538
0.416666667     1.835393044
0.500000000     1.016854146
0.583333333     -0.193573333
0.666666667     0.200787022
0.750000000     0.460284673
0.833333333     0.045787539
0.916666667     0.253074855
1.000000000     -0.374473847
