-1.000000000     1.021929660
-0.916666667     -0.649209892
-0.833333333     -0.419076429
-0.750000000     -1.088238610
-0.666666667     -0.152047449
-0.583333333     -0.381769535
-0.500000000     -1.580914222
-0.416666667     -1.147173955
-0.333333333     -0.956596665
-0.250000000     -1.491985418
-0.166666667     -1.231338661
-0.083333333     -0.370896126
0.000000000     0.969417647
0.083333333     -0.287120467
0.166666667     0.501089170
0.250000000     1.541820381
0.333333333     0.553286598
0.416666667     0.188492202
0.500000000     2.035712233
0.583333333     1.083850459
0.666666667     1.680184205
0.750000000     1.056476402
0.833333333     -0.274310096
0.916666667     0.370561892
1.000000000     -0.136058599
