-1.000000000     -0.039108117
-0.916666667     0.380727356
-0.833333333     0.014627575
-0.750000000     -2.274176716
-0.666666667     -1.336766729
-0.583333333     -1.145560469
-0.500000000     -0.486968038
-0.416666667     -0.918071289
-0.333333333     -0.963033615
-0.250000000     -0.752980409
-0.166666667     -0.844886710
-0.083333333     -0.658269451
0.000000000     0.457957813
0.083333333     0.226686583
0.166666667     0.013829204
0.250000000     0.554322199
0.333333333     0.837523666
0.416666667     1.761337203
0.500000000     2.100097559
0.583333333     1.872526198
0.666666667     0.593845845
0.750000000     1.650804665
0.833333333     0.226173614
0.916666667     0.408693669
1.000000000     0.970612823
