-1.000000000     0.368354198
-0.916666667     0.383565689
-0.833333333     -0.380714192
-0.750000000     -0.717722190
-0.666666667     -0.644853810
-0.583333333     -0.620914286
-0.500000000     -0.670492915
-0.416666667     -1.758675861
-0.333333333     -0.455916842
-0.250000000     -0.532519495
-0.166666667     -0.921059199
-0.083333333     -0.510002027
0.000000000     -0.265777428
0.083333333     -0.265995005
0.166666667     0.354567801
0.250000000     0.972749597
0.333333333     1.984642955
0.416666667     0.629350718
0.500000000     1.221434778
0.583333333     1.330793921
0.666666667     0.527839233
0.750000000     0.171065883
0.833333333     0.831663554
0.916666667     -0.296132263
1.000000000     0.024173047
