-1.000000000     0.353189019
-0.916666667     -0.756212841
-0.833333333     0.344485018
-0.750000000     -1.068760456
-0.666666667     -0.332343390
-0.583333333     -0.783799353
-0.500000000     -0.216630475
-0.416666667     -1.377485298
-0.333333333     -0.835484685
-0.250000000     -0.763139407
-0.166666667     0.034030313
-0.083333333     -0.057993004
0.000000000     -0.251670482
0.083333333     0.853413982
0.166666667     0.274754203
0.250000000     -0.364513757
0.333333333     0.505479245
0.416666667     1.141447320
0.500000000     0.674763801
0.583333333     0.993390468
0.666666667     1.202839668
0.750000000     1.338565151
0.833333333     0.596991964
0.916666667     1.001639779
1.000000000     -0.210235942
