-1.000000000     0.037043849
-0.916666667     -0.278644387
-0.833333333     -0.431410380
-0.750000000     0.307233481
-0.666666667     0.202614247
-0.583333333     -1.353309687
-0.500000000     -0.932660753
-0.416666667     -1.721285145
-0.333333333     -0.617966640
-0.250000000     -0.547677780
-0.166666667     -1.290921513
-0.083333333     -0.230425179
0.000000000     -1.257016767
0.083333333     0.107743934
0.166666667     0.678350992
0.250000000     0.064180631
0.333333333     0.553842700
0.416666667     1.174481961
0.500000000     0.952148471
0.583333333     0.528457306
0.666666667     0.052063211
0.750000000     0.372312978
0.833333333     0.030939821
0.916666667     1.298467954
1.000000000     0.556962468
