-1.000000000     -0.563329879
-0.916666667     0.114075941
-0.833333333     -0.330483976
-0.750000000     -1.032030084
-0.666666667     -0.328895315
-0.583333333     -0.387261277
-0.500000000     -0.027584519
-0.416666667     -1.014130628
-0.333333333     -0.487264169
-0.250000000     -0.987526713
-0.166666667     -0.521291179
-0.083333333     0.106807308
0.000000000     -0.350212064
0.083333333     0.040089045
0.166666667     0.509192125
0.250000000     0.077909488
0.333333333     1.812518963
0.416666667     0.921604849
0.500000000     1.361660290
0.583333333     1.616244653
0.666666667     1.098218455
0.750000000     1.301856339
0.833333333     0.781795162
0.916666667     0.522223342
1.000000000     0.127001491
