-1.000000000     0.028138239
-0.916666667     0.269493230
-0.833333333     -0.004678276
-0.750000000     -1.236239899
-0.666666667     -1.148570708
-0.583333333     -1.823971051
-0.500000000     -0.991698125
-0.416666667     -0.042207846
-0.333333333     -1.203000299
-0.250000000     -1.243326761
-0.166666667     -0.781799941
-0.083333333     -0.066268681
0.000000000     0.389033672
0.083333333     0.404441278
0.166666667     0.489289639
0.250000000     0.968300469
0.333333333     1.035089928
0.416666667     0.539413397
0.500000000     1.213744382
0.583333333     1.268496864
0.666666667     0.260488196
0.750000000     0.814903780
0.833333333     -0.238124296
0.916666667     0.608066577
1.000000000     -0.014428028
