-1.000000000     -0.046036664
-0.916666667     -0.796603477
-0.833333333     -0.600828056
-0.750000000     -1.733844759
-0.666666667     -0.730377784
-0.583333333     -1.276534352
-0.500000000     -0.723589471
-0.416666667     -1.109707786
-0.333333333     -1.234624635
-0.250000000     -0.897275168
-0.166666667     -1.478643234
-0.083333333     -0.095164111
0.000000000     0.423497456
0.083333333     0.353531118
0.166666667     1.147242798
0.250000000     0.527148122
0.333333333     1.174659197
0.416666667     1.465769474
0.500000000     -0.417637852
0.583333333     0.360644749
0.666666667     0.545800700
0.750000000     -0.335462476
0.833333333     0.732340851
0.916666667     0.114117685
1.000000000     -0.062240543
