-1.000000000     0.008211825
-0.916666667     -0.106005699
-0.833333333     -0.301926957
-0.750000000     -0.786096984
-0.666666667     -0.657334487
-0.583333333     -0.452039983
-0.500000000     -0.277422197
-0.416666667     -1.004633915
-0.333333333     -0.587766929
-0.250000000     -1.620962995
-0.166666667     -0.936475592
-0.083333333     -0.296951081
0.000000000     -0.193305931
0.083333333     -0.248294603
0.166666667     0.287303455
0.250000000     0.579663988
0.333333333     1.358246138
0.416666667     0.080777954
0.500000000     1.153789294
0.583333333     -0.157160316
0.666666667     0.514683715
0.750000000     -0.023931279
0.833333333     0.346162347
0.916666667     -0.229410183
1.000000000     1.074948253
