-1.000000000     0.100928945
-0.916666667     -0.248177102
-0.833333333     -0.675404269
-0.750000000     -1.150926779
-0.666666667     -0.551093113
-0.583333333     -1.139411130
-0.500000000     -0.407376177
-0.416666667     -2.253677847
-0.333333333     -1.109307874
-0.250000000     -1.148130345
-0.166666667     -1.270263964
-0.083333333     0.085427140
0.000000000     0.706985817
0.083333333     0.357643401
0.166666667     0.265600727
0.250000000     1.136729605
0.333333333     -0.028370253
0.416666667     1.369628445
0.500000000     0.886242996
0.583333333     0.096978541
0.666666667     0.341362901
0.750000000     1.534257873
0.833333333     0.480596988
0.916666667     -0.122050970
1.000000000     -0.109927530
