-1.000000000     -0.860815894
-0.916666667     -1.176700982
-0.833333333     -1.008785728
-0.750000000     -1.053338266
-0.666666667     -1.777503797
-0.583333333     -1.456877786
-0.500000000     -1.982028848
-0.416666667     -1.356145738
-0.333333333     -0.630137713
-0.250000000     -1.282620467
-0.166666667     -0.165158041
-0.083333333     -0.165215245
0.000000000     -0.430020037
0.083333333     0.472248743
0.166666667     1.757961826
0.250000000     0.269456899
0.333333333     0.411955432
0.416666667     1.908361405
0.500000000     1.255404053
0.583333333     0.495139991
0.666666667     1.149227814
0.750000000     0.542603846
0.833333333     1.198336520
0.916666667     0.365509092
1.000000000     0.706392091
