-1.000000000     0.226815161
-0.916666667     -0.843146415
-0.833333333     -0.481652479
-0.750000000     -0.545867982
-0.666666667     -1.115178858
-0.583333333     -0.598750842
-0.500000000     -1.160832711
-0.416666667     -0.974333827
-0.333333333     -0.817446511
-0.250000000     -0.663568497
-0.166666667     -0.674992969
-0.083333333     -0.213348844
0.000000000     -0.555900491
0.083333333     0.017334186
0.166666667     0.801346251
0.250000000     0.466013520
0.333333333     1.049247491
0.416666667     0.743312435
0.500000000     0.512466053
0.583333333     1.343597031
0.666666667     1.108697987
0.750000000     0.434939301
0.833333333     0.816042519
0.916666667     0.980240556
1.000000000     0.127986880
