-1.000000000     -0.283948348
-0.916666667     -0.329052676
-0.833333333     -0.828841808
-0.750000000     -0.212628539
-0.666666667     -0.236908526
-0.583333333     -0.482970047
-0.500000000     -1.222120756
-0.416666667     0.132452748
-0.333333333     -0.855737757
-0.250000000     -0.733702810
-0.166666667     -1.136817894
-0.083333333     0.358038328
0.000000000     0.635351733
0.083333333     0.823359089
0.166666667     0.827495947
0.250000000     0.940252340
0.333333333     0.410822975
0.416666667     1.233871662
0.500000000     1.923401017
0.583333333     1.127106077
0.666666667     0.812082499
0.750000000     0.985163648
0.833333333     0.392896951
0.916666667     0.210342782
1.000000000     -0.216651113
