-1.000000000     0.324002044
-0.916666667     -0.805002144
-0.833333333     -0.306731021
-0.750000000     -0.170077011
-0.666666667     -0.588768282
-0.583333333     -1.572700837
-0.500000000     -0.583981906
-0.416666667     -1.327786221
-0.333333333     -0.668506257
-0.250000000     -0.408781885
-0.166666667     0.008310507
-0.083333333     0.196231708
0.000000000     -0.825000123
0.083333333     0.054511870
0.166666667     0.739850835
0.250000000     -0.062253382
0.333333333     0.038219949
0.416666667     0.236519402
0.500000000     0.985654868
0.583333333     0.600894431
0.666666667     0.370881404
0.750000000     1.314940124
0.833333333     0.855457659
0.916666667     0.336395785
1.000000000     -0.319550895
