-1.000000000     0.203699702
-0.916666667     -1.085058702
-0.833333333     -0.072175146
-0.750000000     -0.563604144
-0.666666667     -0.452998519
-0.583333333     -1.801321944
-0.500000000     -0.653654995
-0.416666667     -0.223898847
-0.333333333     -0.788055694
-0.250000000     -0.275475335
-0.166666667     -0.818490976
-0.083333333     -0.202807293
0.000000000     0.173282093
0.083333333     -0.261634040
0.166666667     0.867726278
0.250000000     0.341960344
0.333333333     0.878701565
0.416666667     0.154947245
0.500000000     0.101230039
0.583333333     1.516602329
0.666666667     0.501587130
0.750000000     0.208216880
0.833333333     1.151907416
0.916666667     0.459280392
1.000000000     0.117838954
