-1.000000000     0.314036232
-0.916666667     -0.137007252
-0.833333333     0.242152974
-0.750000000     -0.614828550
-0.666666667     -0.859688227
-0.583333333     -1.735178921
-0.500000000     -0.425834783
-0.416666667     -1.222679190
-0.333333333     -0.399954231
-0.250000000     -0.242825432
-0.166666667     -0.764086090
-0.083333333     -0.763723254
0.000000000     0.357994184
0.083333333     0.642216518
0.166666667     1.403957644
0.250000000     0.319929253
0.333333333     1.302218160
0.416666667     0.509418005
0.500000000     0.901336688
0.583333333     0.885530163
0.666666667     0.359887071
0.750000000     0.588110229
0.833333333     0.436966594
0.916666667     0.412519646
1.000000000     0.060798730
