-1.000000000     0.608584535
-0.916666667     -0.566338735
-0.833333333     -0.452514681
-0.750000000     -0.853772793
-0.666666667     -0.621492126
-0.583333333     -1.482773800
-0.500000000     -1.308393970
-0.416666667     -0.559986308
-0.333333333     -1.202269683
-0.250000000     -1.032570206
-0.166666667     -0.226351580
-0.083333333     0.813781341
0.000000000     0.138198284
0.083333333     0.329204017
0.166666667     -0.079647682
0.250000000     0.055678672
0.333333333     0.218451186
0.416666667     0.964721922
0.500000000     0.801554267
0.583333333     0.637148709
0.666666667     0.982610602
0.750000000     0.254598971
0.833333333     1.419384343
0.916666667     -0.502215052
1.000000000     -0.820504485
